N_t: 8
N_r: 4
K: 3
M: 4
T: 10.0
N: 100
P_tot: 1.0
sigma_sens_sq: 1.0e-10
sigma_comm_sq: 1.0e-10
tau: 4
D_ap: 4.0
B: 1000000.0
c_snr: 1.0
c_theta: 1.0
c_r: 1.0e-06
r0: 1.0
beta0: 1.0
alpha: 2.5
rho_min: 0.05
rho_max: 0.95
mobility_type: constant_velocity
mobility_config:
  ax: 0.0
  ay: 0.0
lane_positions:
- 3.0
- 6.0
- 9.0
x_init_range:
- 10.0
- 30.0
v_init_range:
- 10.0
- 20.0
objective_mode: 1
R_th: 5.0
eps_theta: 0.0001
eps_r: 0.001
alpha_theta: 3.0
alpha_r: 3.0
lambda_R: 3.0
lambda_theta: 10.0
lambda_r: 10.0
calibration_stats:
  q_R_10: 0.16450777214477774
  q_R_90: 4.539617184836934
  q_theta_10: -6.5163752631366165
  q_theta_90: -4.5221269734460545
  q_r_10: -11.999999999997884
  q_r_90: -11.999999999791177
